687143
759150
458249
941255
273357
973141
153618
366423
99231
980549
505504
131019
669544
553002
826648
544753
969638
117222
414158
739991
626831
459998
69989
588332
299300
990413
647238
617741
907567
210596
18759
955041
634254
636731
799991
232670
801112
954755
198332
304380
636446
556833
752566
327557
61328
164466
735013
745138
321234
286991
97282
217013
930299
117860
828498
41076
168292
87853
127715
576337
992108
101581
636107
155837
914506
574793
159090
230086
534931
292657
393102
165484
220305
849350
949077
707039
215543
885914
886547
193235
52208
824084
387576
447050
808750
804811
989826
917459
904089
50981
158343
446078
888256
56914
740832
704748
189441
108758
991081
529116
319837
557068
228256
244113
968020
99307
402137
119919
616399
584393
260782
65715
289331
465590
558159
784305
614993
566402
590229
42447
54047
890961
811456
466785
528491
391000
282421
403643
968044
423128
919960
858423
497025
175503
328580
275747
85605
325193
72171
643366
259449
688995
940699
442264
755748
84936
45490
549903
273174
402942
962211
727829
372370
61686
283860
234746
279216
896540
119923
984026
916327
932187
204322
961699
510700
235681
761728
893729
736418
22973
434754
980979
133219
737352
373133
820002
240828
667555
225077
723693
570435
946913
911913
825414
134613
479160
839987
371960
682595
206683
418714
102801
940973
229146
274278
914333
298453
722718
628047
900954
167125
271190
692560
936601
428328
26477
758812
326509
963258
884125
162443
892403
384944
561247
899102
363053
1003171
647750
324529
923397
933020
58181
35847
408057
158319
242610
98683
452276
82151
100097
751668
966325
550136
728107
837393
224732
808201
688478
969393
269187
80333
637477
643198
447693
331964
6283
696774
882997
270289
969134
396046
7646
941916
635984
515916
739233
512132
548325
391990
123385
102341
598754
712898
87476
868191
145511
432742
570085
793240
100843
274532
200351
747132
929693
972434
789749
474954
283120
70129
998621
365445
791150
580512
316030
247674
511539
590674
686270
172898
20223
149563
623837
40641
183735
914780
474746
607363
422931
49633
925744
1003035
129195
36177
642824
574206
294469
945669
356089
146103
263118
159261
872605
303362
267440
77737
281807
398528
37101
113446
961688
867213
381022
598812
524702
454502
766075
106755
15163
323596
697277
446678
283630
332613
848271
526758
73322
675341
643045
545489
235342
730510
83439
248187
59565
716441
174403
163878
975120
18559
416957
220199
287130
191870
426560
848350
874501
665158
153929
498843
325373
732938
970851
966263
692863
662695
127686
610438
217915
783397
863691
707979
100560
502073
712393
188130
351726
123393
876415
996449
112227
578620
19706
367467
865245
393617
281226
310429
754736
271854
343207
482302
423346
105257
13365
598970
462371
984963
164537
350964
493896
664766
415578
91951
837284
63979
347312
453922
161070
706788
135349
223248
432935
820595
486357
519758
499826
542531
692892
525683
612489
734215
462663
453457
667371
913875
499865
329787
692221
56622
443279
983628
380032
887588
754972
377547
722059
114782
154862
694348
579979
108246
238196
524172
346550
622155
220234
477079
501909
61007
302917
392955
934107
425710
906400
182048
427682
243290
35833
898095
196284
306015
899639
421371
199908
16692
546945
1869
139734
843936
419474
846619
740460
96365
107516
327550
185027
470804
984997
10956
320444
238497
599648
660352
151423
845756
750558
641730
328010
939504
208540
549167
909363
647360
53367
771480
506323
640634
89123
131898
166857
89350
156388
213025
589489
193169
788826
821000
591123
280354
98657
472732
160052
603673
788719
163504
740893
104344
838558
30891
287534
555971
445963
314919
842972
384223
595234
600258
53767
364127
44202
388302
347789
278692
197649
961911
157040
966437
586709
889315
312118
427760
289512
41729
180580
608012
767697
565671
20148
221427
204765
40247
25043
815588
430340
249873
532905
78304
389358
795519
74461
130935
627258
133236
973974
932743
130199
105514
184994
77736
376374
854009
197606
339766
589768
400923
515953
946330
179080
783337
674013
574849
64552
509371
803583
867395
529374
748920
78846
672192
24562
225714
988599
499650
65575
412767
984185
888829
593775
107215
362009
553745
530097
598737
788141
446900
832870
667778
528195
603033
388541
963630
252456
661210
955917
112808
957274
433404
708133
236414
73890
103883
881500
954703
602914
508118
38039
476384
64444
202916
48953
6542
884415
473785
993816
909919
942499
19811
745216
502109
376382
79130
989343
619423
74432
171089
682921
701188
312424
912714
48713
497659
894688
580657
353110
975866
281031
838402
265875
329815
292959
503673
717645
638952
752647
941425
880829
640521
1004392
734200
915390
473525
622844
910976
961830
171539
172063
139936
553542
448612
186462
291202
326524
477543
211129
819991
94180
483791
991834
696635
995231
523494
672201
277771
177312
441078
273601
910366
859398
31763
720855
936285
739427
726320
687335
359277
899288
618418
138681
673958
674291
586037
858433
977555
348696
540666
11200
766142
470822
92868
655804
280161
899954
636142
374510
854956
450492
438891
796298
706078
860831
245459
288777
914240
504279
646144
967830
999910
995496
551557
423268
247478
602578
800712
482522
862981
211582
949682
323100
244686
583707
452087
136412
984747
921330
522344
987002
796646
17779
645048
515114
134267
791105
297373
124337
519728
170460
821971
287991
351675
508087
216859
959553
339864
849912
816226
154847
569955
461176
388688
632461
264356
57272
284582
750641
959117
337027
103102
40261
231267
191052
765883
680289
551185
773460
941819
589268
269667
525738
629840
14493
432724
590451
859812
809197
261688
118971
842390
524960
20629
743970
893681
247581
593603
198502
980280
434188
227906
160802
423888
819733
608159
417181
68966
335450
178817
690490
183716
126447
735942
400602
808084
644984
266102
888539
996342
603598
604672
413545
693409
530517
570816
859370
162733
277393
179679
594340
625851
788267
953491
240423
687009
755055
543793
656796
999978
597309
328677
894874
928351
984929
190079
789132
802243
343375
95683
411164
813164
847842
376784
439448
248042
784750
678427
521324
933304
904324
116641
471747
303714
520330
254809
94243
711202
730725
895540
302867
910261
684655
405337
989161
573953
748233
153977
763226
3232
429774
495412
756082
266390
1002118
968545
899450
908503
249100
792770
247704
227662
862799
868105
133609
34728
10749
37315
371352
221273
585075
327773
864226
913045
247704
723137
137650
84709
610579
119196
323143
494429
552654
456501
675875
400433
678691
732243
371968
667109
171976
574369
928329
723234
767066
53127
190000
202147
896817
400498
608087
660744
195655
470314
950341
743647
583918
422146
918654
182081
256368
406551
490771
994827
813611
215891
43819
727132
55395
630165
510165
910814
905847
640570
966113
218965
478199
381457
783853
932765
782923
39405
285640
334229
230332
786740
980679
631245
997704
416700
984759
819174
742893
28175
449043
863186
805526
815870
74716
570379
15397
248713
632317
775603
465900
991416
726096
418572
933130
266776
284917
103645
434731
65421
913777
652164
354863
811914
285445
996248
451314
740356
96146
230128
906389
361031
201009
141309
167649
922642
699138
196595
184093
24637
433089
967672
951503
918289
144350
838124
979534
268770
94269
307331
179321
634579
326056
285098
396019
421827
677218
298948
999645
372343
669877
950627
405158
243260
991082
83062
226595
65960
606992
576899
614004
620396
901975
177667
703552
223492
213501
262598
672804
804405
980345
793916
466408
783727
251892
185586
844936
112660
320779
200886
460753
183461
196472
428310
928890
359713
924374
998757
749875
23173
681856
224613
911192
81191
145239
824405
159276
180981
280768
124880
735049
206182
375933
795072
206561
816181
394024
130861
330470
883408
333091
94893
928716
585354
679728
161454
357355
792232
46861
639098
664756
945839
43257
965224
563770
771189
545080
812498
450377
838289
149653
873645
922430
859184
215820
997493
918983
23761
516546
202746
318686
754289
261976
241277
738328
795564
207168
577495
282716
820640
975723
450119
490566
187892
417413
313205
486152
976565
466390
222938
549487
846804
857852
412286
703719
428675
926844
799885
351513
852685
292405
966244
332994
804299
594398
584926
852256
607447
308791
878059
366938
190334
740802
572630
832639
399868
384446
789164
194493
586260
778923
268760
749986
398031
355327
388637
854326
731581
691557
594556
481800
299966
141398
244837
39788
620813
797397
674277
708484
442636
552739
729786
603151
760162
899910
391632
883174
265253
964979
427345
70047
770297
718723
689934
445705
188755
417959
267012
428990
801811
944108
883842
145723
826385
787811
15609
129200
330938
915606
192306
675314
434477
742742
6786
288996
895225
948380
602949
286788
163634
843721
642390
631570
186638
573081
160123
367929
680241
787337
745572
512532
581313
168372
396084
20023
699438
135433
633063
133614
824147
298883
977217
136984
792283
663141
972803
788356
592895
176567
549128
739556
227352
630265
744405
286835
833875
549094
594643
279446
574486
978388
409572
473129
575144
443862
212954
243167
784718
878994
987694
234083
132129
927056
163048
1001907
150517
772111
183494
636114
810114
985093
350913
497695
842816
631728
651774
267532
263863
468275
120466
239756
782326
50339
176390
711453
70374
477146
486214
141097
464412
252601
141664
480798
794559
676615
504064
555599
954941
803787
41515
952794
146078
937434
10079
366497
823588
532793
988440
514579
54753
598189
128805
335352
504957
469111
392716
983418
75919
952370
377043
456339
753334
798330
428521
545722
747307
307704
127807
841923
470540
646804
179047
99469
608075
638631
948522
837509
60030
441156
579293
640860
489482
603745
710492
947956
571923
785335
814528
850170
101100
787869
998230
231009
140826
991928
950527
42453
671811
302917
730734
38843
539379
158634
660342
545073
727648
995496
191241
278946
558196
854770
890337
315423
248527
853438
15292
159220
92777
607328
568216
527908
638784
756980
194748
149204
751546
259223
792591
667397
844401
67757
925885
223379
593682
208611
297071
36227
961849
378924
903864
243290
878583
569539
885923
524142
788177
144148
509918
105995
472665
325648
634684
770489
1000863
544680
537207
568184
488205
453026
570730
598017
167605
736046
994240
995495
492611
917128
458916
456690
236863
790658
186976
640528
285182
903153
842538
971309
282577
182562
979004
988042
557416
308010
957797
963416
275940
736479
992966
973548
816328
98594
127484
989411
486936
790145
445492
863812
806657
800397
862847
405016
193192
284363
370911
355927
740724
679755
467333
651390
436742
430124
729801
385436
163191
688146
807997
972959
874836
879250
320115
585071
606024
988552
851033
694904
832979
430317
338793
332187
700334
578900
671785
307331
220663
21106
936559
839307
123272
389610
124333
211097
486716
380347
935090
166046
395414
39142
955139
615982
828225
730635
361769
562610
310505
695024
322095
532609
463861
395454
735995
878915
867600
954096
449508
910092
726311
769046
234500
253127
946233
172786
822234
88363
